462.25
146.98
473.3
172.51
472.22
141.47
471.9
251.46
210.46
269.77
160.44
143.83
171.83
436.29
170.42
471.9
434.06
341.91
427.33
435.16
313.41
146.47
192.61
168.96
432.97
223.69
233.6
174.65
178.42
434.06
279.61
296.3
278.3
208.7
183.43
183.78
314.64
147.12
432.95
312.16
146.47
223.49
199.07
311.96
151.31
153.47
462.25
170.08
312.89
259.01
429.59
387.03
180.58
434.06
375.55
315.1
428.71
278.3
147.47
432.74
148.86
183.34
228.05
181.84
434.06
340.04
269.62
435.16
462.25
462.25
252.36
338.37
143.83
471.9
182.28
393.38
146.22
310.97
296.3
181.85
193.16
168.23
170.23
146.98
334.73
430.27
192.61
218.74
181.84
236.98
222.3
239.2
393.38
168.45
295.49
351.77
322.43
264.69
322.1
314.51
853.14
1572.51
912.43
1690.42
1298.21
628.3
1375.81
1464.12
833.67
1421.42
731.35
1577.82
1502.49
1583.48
1574.27
1388.42
805.7
706.86
1340.25
734.3
1624.17
1644.79
841.78
1169.56
811.09
1660.25
777.54
763.28
581.68
804.93
1448.82
925.41
969.87
805.6
1383.91
777.75
992.69
1441.54
1544.89
862.44
676.2
1002.41
1234.38
768.71
973.89
1466.05
1640.36
1531.61
851.3
1343.8
822.06
1542.65
1117.87
1426.54
1192.29
688.88
1172.13
1168.66
777.64
723.2
1399.32
429.43
1117.65
936.79
1523.23
1365.52
785.7
759.24
1583.09
430.07
737.98
909.27
923.69
1111.76
1021.53
1396.49
1559.26
758.72
617.79
826.11
1508.58
1098.96
756.17
1610.75
985.33
1142.18
735.71
847.61
980.19
1405.91
1491.2
1321.05
952.1
572.84
314.54
1147.08
998.18
730.62
737.4
929.29
1875.37
1583.14
1502.98
1035.55
1491.14
2014.38
1086.4
993.28
1197.51
1685.01
1480.17
1352.1
1297.18
1103.73
1728.2
1778.75
1557.17
1119.24
1914.56
1588.16
1062.58
1454.77
1883.11
1775.03
1643.09
1451.66
1308.41
1720.88
965.38
1627.9
640.19
1553.8
1179.85
1651.01
1063.52
1702.86
1174.61
1683.4
1543.37
1598.6
1147.54
1564.55
776.12
1586.69
1714.16
1696.22
2093.07
1816.85
1303.33
1749.55
1286.46
1223.95
1908.31
1575.7
1899.56
1131.51
1488.71
882.87
1520.77
1213.38
1541.29
1697.3
1759.59
1263.35
1559.46
1769.17
1618.88
1244.52
1500.62
1837.36
1530.55
1780.68
1516.9
1151.89
1006.96
1051.72
1930.32
1355.09
1562.59
970.64
1987.66
1187.74
1530.95
1964.53
1298.01
1881.54
1850.29
1123.37
1597.93
1147.11
2041.91
2013.43
1990.38
1898.46
1112.54
1388.05
909.81
1853.63
1612.01
1645.18
1440.66
1010.76
1300.1
761.2
1391.47
800.47
971.34
1484.31
1419.96
1498.97
908.69
1214.57
1122.54
1206.96
1225.19
920.53
1009.54
629.77
1127.37
1029.53
1521.41
819.14
777.15
1441.22
1542.59
1134.86
1207.9
1586.29
1128.86
992.29
626.6
628.0
630.62
1950.43
1365.46
786.67
710.79
633.3
971.53
1081.99
723.34
805.09
1315.85
1430.55
885.48
1111.0
1333.31
629.09
884.42
1135.15
1727.72
1002.68
633.55
1134.92
621.87
767.51
1274.36
1395.29
603.28
754.15
723.62
1124.54
1903.23
1327.63
633.24
1600.56
1418.53
791.89
766.32
1137.24
961.14
1110.61
1412.03
1308.27
1338.57
1170.75
1356.99
613.3
748.63
1231.56
770.52
977.69
1297.03
560.6
1210.99
721.01
1937.8
571.23
824.46
1429.13
644.73
976.81
713.53
1342.02
1828.66
1073.49
1364.58
843.61
1152.77
1690.26
955.81
747.31
850.82
1063.06
838.02
550.81
992.17
842.75
578.7
1151.15
646.08
1115.41
737.53
1065.74
781.5
667.98
1222.6
584.74
1380.96
471.1
1083.98
548.77
835.96
816.65
708.98
878.45
1228.26
789.54
466.37
1376.21
469.43
714.49
1089.35
958.46
526.74
1559.15
945.78
904.56
738.53
989.56
1052.01
863.68
577.53
599.5
549.51
1162.96
628.37
902.87
1196.0
736.26
263.32
275.59
286.47
625.44
1150.31
608.07
926.22
760.81
394.7
824.28
849.69
832.27
885.27
804.91
1131.79
441.07
912.93
1180.13
1173.0
286.47
755.41
863.3
1194.68
1101.36
734.63
780.52
1034.68
1091.85
808.82
301.93
600.74
721.75
292.56
237.34
766.99
640.36
1119.89
873.62
774.41
1111.08
530.05
626.19
315.62
771.58
350.08
267.62
1031.71
788.31
786.24
764.84
997.07
872.51
620.56
299.88
1010.68
295.2
795.84
585.25
878.68
613.76
884.71
759.81
605.89
422.49
238.32
786.76
786.55
1201.3
884.05
413.77
979.98
731.92
1176.69
348.38
619.18
515.17
618.69
781.12
794.67
315.84
620.31
962.57
743.07
638.84
258.22
781.12
955.38
292.19
1107.15
608.75
841.4
998.33
745.83
282.55
411.37
348.02
1185.16
1129.24
289.34
793.85
1521.61
1132.83
1341.4
1429.26
1151.96
486.16
650.13
740.27
1073.77
1465.75
772.63
1280.73
880.28
664.05
1492.63
671.64
692.41
538.13
984.58
1362.45
620.79
608.16
812.8
1488.67
1315.37
720.0
1475.37
705.42
1281.98
617.45
667.13
1073.43
569.21
625.32
813.78
1513.48
1356.11
854.2
1141.89
1287.45
1480.21
856.68
1138.05
1515.7
773.19
1490.81
1004.33
1274.26
976.02
1175.62
1482.11
766.61
1554.4
1236.03
562.93
1466.81
805.18
607.25
766.31
1509.55
803.09
1091.59
1167.87
1464.21
1481.5
749.56
1091.5
1140.36
1432.74
696.43
1515.23
448.3
1285.35
508.68
866.25
1042.57
1300.15
833.54
1435.24
998.03
1008.99
645.72
758.99
1511.18
813.27
655.33
1511.26
1283.72
789.48
1531.45
523.31
984.38
650.77
997.36
938.08
1199.62
647.52
1305.97
1240.92
838.52
1911.0
1987.06
1975.25
1953.83
1765.6
1956.84
2041.34
1886.19
2072.59
2024.1
1931.25
1930.62
1682.18
2029.54
1918.05
1942.58
1785.4
2047.75
1780.5
1759.93
1751.92
1714.2
2055.42
1971.65
2082.69
1862.91
1946.33
2059.82
1699.14
2073.79
1733.37
1815.09
1941.75
1866.95
2085.04
1746.15
1822.83
1916.46
1927.67
1739.59
1972.5
2008.94
1913.47
1827.72
1812.87
1742.64
1912.89
1738.77
2202.83
2069.1
1837.9
1926.9
1877.84
1932.6
1928.71
1871.65
1952.97
2145.47
1921.56
1905.02
1783.46
1925.12
1851.57
1925.42
2058.24
1866.66
1946.57
1815.62
1957.84
1756.82
2144.23
1907.97
1799.24
2031.27
1907.08
2016.4
1865.9
2067.21
1936.27
1882.18
1979.65
1849.33
1927.61
1894.21
2047.57
1903.53
1766.45
1903.5
1905.71
2005.91
1797.85
1965.65
2045.29
1847.06
2000.64
1856.53
1776.55
2101.67
1805.85
1848.97
1355.57
1157.31
928.43
1834.43
1483.65
732.85
1237.9
1327.15
696.45
1154.41
2210.86
1546.58
1843.84
1775.87
1604.97
1999.1
1748.23
1802.48
1808.8
1414.12
1381.78
2217.18
1781.71
1878.97
1456.13
1417.02
1637.43
818.25
2003.3
1393.98
1668.42
1549.17
1758.3
1095.58
1444.77
1961.14
590.33
1869.13
1699.71
357.62
1749.61
1996.19
1220.14
695.78
1324.74
1766.61
1890.38
740.09
1611.44
1439.89
1511.18
1442.79
1180.84
2099.0
1579.27
1003.9
1529.23
1947.89
1224.59
1860.15
1275.53
1126.08
645.42
170.37
1371.03
1328.45
1219.37
2003.52
1383.68
834.66
1487.46
1358.9
1419.96
489.78
1586.32
1630.36
1414.42
1749.67
608.44
1631.18
1295.96
989.91
1537.65
1902.36
508.01
1662.66
1505.89
1712.61
859.35
1725.98
2148.54
800.64
1330.36
1347.29
1497.62
1744.22
1802.22
1243.23
1000.03
1024.89
1522.05
1847.86
1470.02
1782.89
1890.68
1794.46
1820.64
1855.64
1307.1
1682.5
1347.28
1237.97
1272.86
1468.91
1373.93
1326.9
1507.63
1453.53
1361.38
1618.35
864.76
1595.26
1817.73
1226.71
1224.07
2208.42
1243.32
1675.21
1534.26
1877.11
532.73
1454.83
1343.06
1128.37
624.68
1514.97
1052.6
1158.86
1723.64
1196.69
781.68
1439.33
764.89
1862.85
999.17
1969.07
1921.99
1101.82
799.88
1785.26
1696.53
1536.59
1953.74
2174.37
1476.68
737.01
1558.86
624.2
1286.93
1916.19
1902.97
987.74
543.6
1333.46
1627.88
1217.86
783.87
1671.44
1491.68
2124.97
1846.23
1838.93
1031.97
1690.77
1147.61
1436.68
1593.39
1918.19
1703.76
1602.0
1060.57
1812.39
1795.81
1548.58
1610.99
1403.06
631.77
966.89
755.76
1410.54
1969.61
1975.95
1281.46
1494.3
1095.28
1537.46
1698.11
1788.96
1383.26
1503.61
1588.51
1388.57
1892.5
1483.01
997.16
1607.21
1384.96
1559.03
1582.81
1969.44
1550.17
1707.14
1728.72
1547.72
1612.69
2180.83
1841.5
2097.43
1519.46
1097.36
1135.43
2172.86
1894.61
1845.94
1288.83
1544.87
896.91
434.4
1447.22
1584.76
1194.3
957.84
1143.94
1893.93
1964.12
1632.83
1600.76
2006.82
2007.13
1780.12
1526.99
1658.85
1876.41
1488.4
1988.01
1432.84
1370.12
1828.27
1755.88
1852.13
708.92
785.02
1884.85
1582.21
1771.29
2069.14
1554.53
1971.36
1569.51
1979.63
1315.31
1807.54
753.24
1379.06
1670.37
1776.55
1300.77
1543.77
984.69
1953.51
1694.22
810.78
1566.5
1778.41
718.3
1219.05
1650.15
1847.4
1803.42
1365.5
1050.37
1082.55
893.18
1458.91
1400.93
819.39
1770.35
1099.1
1109.75
1822.73
1551.85
1021.65
1789.76
1258.93
1110.65
1515.11
571.11
1308.61
1156.9
1727.88
727.15
1322.03
989.24
1890.74
1453.38
1467.28
1814.83
1659.92
876.17
1882.13
1736.25
1119.43
1258.39
1713.33
1506.82
1262.7
1722.4
1768.39
1642.34
1642.3
1514.01
1785.88
735.28
1349.29
1146.09
1631.46
1178.61
1641.26
1866.07
853.68
1491.65
1268.87
1910.51
1643.85
1286.13
573.28
1174.26
1926.42
1645.78
869.49
1796.55
1325.05
1200.32
1815.13
1504.28
1386.49
597.98
1106.54
1861.33
1751.65
968.62
928.16
1877.25
1187.79
1326.18
1695.9
1612.92
1477.23
844.95
1823.94
1577.57
1770.73
1793.06
1330.51
1515.33
1619.72
1908.68
753.62
1691.36
1642.52
1546.05
1393.02
1764.83
858.21
1663.17
1483.56
1881.64
1962.44
1525.79
1582.02
1487.71
1859.56
1713.18
922.53
985.18
1223.55
1298.48
1507.14
1773.51
2075.83
1497.99
1255.46
1316.76
1001.55
1541.34
1230.73
2082.57
1716.32
1756.76
1227.59
1674.0
1606.62
277.78
2079.5
1368.42
1627.58
1591.32
1851.52
1869.34
869.81
661.8
1236.31
700.2
1772.13
1793.41
1872.74
454.59
1382.13
1726.51
1511.04
1605.8
1513.22
1063.75
1780.65
1107.28
1575.5
1707.38
1603.61
1990.4
1675.98
648.57
1556.61
642.73
1505.3
1648.43
1764.54
909.59
1467.42
1314.67
1026.9
1656.07
947.72
1691.88
1666.99
1634.33
1965.56
1820.53
1495.19
1175.53
1095.05
1667.87
1362.19
1560.14
1397.13
696.68
1132.71
1389.05
1022.33
1746.41
1350.13
1947.92
560.88
1774.36
1447.47
1885.03
1643.44
443.44
839.88
1792.85
612.6
934.98
1367.17
1354.16
1721.97
1345.67
1814.14
1329.24
1787.33
836.0
1492.63
1476.71
1220.49
1607.61
1594.55
1403.5
531.48
1254.39
768.53
1385.47
1567.81
1077.5
1202.1
876.99
1080.95
1142.38
1565.24
1917.66
1903.79
2017.53
1366.4
1890.52
1798.92
934.08
1253.36
696.69
1018.67
1538.0
1180.72
1778.34
1752.45
1551.65
812.7
1613.11
1219.24
1783.81
1658.52
1981.03
1231.64
1813.22
912.15
1515.64
1230.0
1113.07
1713.46
1398.16
1626.32
1737.64
884.02
1332.58
1560.93
713.38
1604.65
1349.62
880.37
1801.46
1517.15
2026.79
1175.8
511.78
1066.16
1509.65
1864.63
1779.94
1732.15
1414.37
1290.19
1673.13
1658.75
1437.83
1389.62
2004.02
1358.61
1565.82
1427.19
1696.47
1849.45
1799.96
1767.29
1233.04
1082.43
1104.31
1454.53
1582.88
968.51
1865.04
1583.47
754.73
1487.35
2051.26
1493.31
1159.09
887.09
1497.46
1225.62
760.83
1347.49
805.91
1389.4
1187.33
1208.38
1635.14
887.61
1383.89
1179.89
1216.49
1509.7
1589.24
762.03
1708.17
1175.4
417.39
1426.76
879.31
1469.37
1088.02
1635.16
1159.24
1468.05
1226.82
1743.56
1192.44
1612.97
1200.1
1634.49
1915.6
2131.63
1670.01
1322.08
611.33
1774.28
1482.97
1477.28
1346.14
1641.93
1990.11
1559.5
1562.24
1502.96
1130.09
1977.18
1793.33
1906.66
1176.39
1431.83
1681.71
1662.83
1410.43
741.56
1817.2
1347.37
1752.9
1329.09
895.56
1732.43
1817.92
1341.23
1903.76
1538.57
1563.09
729.9
1505.05
2157.85
1478.69
1494.67
1958.54
1668.19
1452.96
1877.85
1497.43
1535.6
1487.81
1487.08
1533.49
2202.36
882.67
697.46
1751.66
1504.78
1206.25
380.91
1339.01
822.48
924.46
1853.92
912.74
1561.88
1750.56
1778.6
1402.57
1909.37
1498.02
1126.09
1431.43
1730.34
1551.03
1672.3
1598.27
1418.27
888.69
1480.22
1549.15
1247.71
1398.17
1716.83
1623.08
1196.19
1710.27
1502.72
1575.48
1789.11
1104.96
1976.9
1458.75
1817.41
1097.9
1957.46
1648.0
1933.82
1228.82
1060.93
2017.24
1786.07
1528.81
1070.59
1454.05
1816.35
1596.74
1515.25
1403.32
384.48
1661.03
1083.8
1142.5
1258.3
2218.75
1248.42
1422.75
1699.48
1121.1
633.91
1358.55
1508.83
1429.16
1551.14
957.0
1076.67
1384.92
1408.76
1454.62
1380.77
1863.3
1537.12
1201.5
968.99
1481.75
1776.97
1573.39
1351.66
1490.12
699.57
1505.15
960.25
773.04
1304.5
1631.22
1563.99
1856.96
1266.23
1727.05
865.32
1626.13
1873.73
1138.78
2014.36
1208.57
1858.71
649.48
602.28
1507.28
1084.95
1798.98
1279.83
1818.7
1552.78
1484.47
1530.14
1209.06
867.38
1817.13
1722.57
584.01
1132.3
839.31
1137.87
926.25
1497.29
1471.7
1557.71
2013.03
600.18
944.18
582.55
1312.84
1090.6
1564.89
1017.51
2146.8
1611.95
293.92
1547.92
1144.14
657.86
1174.17
1477.36
853.69
1779.3
1772.98
1558.76
838.04
353.0
1473.84
1116.8
1471.72
1522.84
1143.3
1656.84
450.83
590.65
1706.57
1673.56
753.8
918.27
1151.84
1311.73
1446.97
1408.32
1830.73
515.96
1325.59
854.3
1558.17
1601.05
1779.46
1686.82
1468.78
1927.94
1488.67
2005.04
1240.55
1604.43
809.26
1428.84
1268.48
749.8
1552.0
1681.05
1633.37
1711.34
1474.83
1639.7
1494.09
1212.44
1325.65
1235.94
855.64
1621.23
1668.17
1542.25
1440.94
2075.85
1840.11
1756.74
459.4
1141.23
1279.1
2048.96
1554.13
1096.99
1513.79
946.16
1909.12
1688.9
2162.61
1667.39
1543.49
1008.88
2057.5
1667.53
531.52
1324.72
869.67
1346.52
1529.09
1489.27
1523.58
1714.45
1487.03
1797.65
1179.88
1143.55
1408.01
1634.97
814.76
1519.34
1562.28
1144.67
613.9
902.12
1417.77
1084.04
1586.78
1040.83
1808.2
1718.24
624.2
1526.35
1498.61
1428.59
1319.43
1308.5
1795.64
1555.63
1900.86
2126.75
1929.93
1603.76
1316.42
1131.91
1447.25
1482.03
1799.38
1522.34
596.7
1735.04
1947.44
1859.61
1777.39
1327.58
1366.06
1173.28
1252.28
1767.45
738.96
354.58
998.89
463.79
1358.52
1047.42
912.43
657.48
1031.55
1593.32
1474.79
603.07
1296.7
1861.95
896.87
1791.77
1877.48
1525.74
1676.3
310.21
1469.99
1450.8
953.47
1231.97
1307.92
1192.91
2011.47
1347.77
1692.32
767.25
2152.27
1207.81
1962.62
1271.99
1455.13
1241.81
1385.01
714.83
1445.65
383.78
1386.35
1721.71
1847.01
449.5
1784.32
685.49
1081.18
1075.41
1147.98
1649.47
1457.85
1474.37
1547.9
901.52
621.34
1251.59
1924.24
1843.36
1170.88
2088.5
1843.79
1677.16
980.87
1576.38
1464.24
730.82
1568.07
1155.81
1730.43
1316.14
1431.47
1661.86
1550.22
1375.95
1619.04
1736.81
1627.48
1491.41
1178.25
1641.09
1826.84
1097.08
1725.98
1238.64
958.04
1733.38
1462.35
1996.8
1010.7
1176.83
1254.14
1105.88
1826.14
1270.67
2005.24
432.3
1339.9
1468.48
1224.31
1502.18
1712.58
2003.34
1636.25
1208.76
1323.12
1727.79
2088.08
539.8
1924.08
802.96
922.62
1788.77
1024.13
1356.67
540.2
1896.18
1563.53
1962.98
1962.46
1294.77
1696.71
1539.88
1994.4
1667.74
1468.84
907.97
784.51
1629.03
799.06
1742.77
1266.78
1334.94
2223.85
1607.3
1568.29
1562.39
1104.16
1783.28
1719.51
1918.73
601.02
1047.36
1041.73
1454.82
1763.13
1686.79
1503.71
1857.63
1687.57
1504.43
1678.64
1844.0
1562.38
2033.84
952.2
1374.51
886.4
1649.2
1716.21
1727.97
638.8
1271.24
859.49
1171.1
1188.96
1193.54
478.44
1415.76
1349.59
1666.86
1136.17
692.81
1148.33
1611.52
586.05
660.26
1630.0
1744.21
1267.99
1738.18
1705.03
1735.95
1641.59
1701.2
1670.87
1339.7
1771.19
1621.3
1278.71
742.28
1188.99
1142.76
1548.45
572.47
1535.6
1889.07
1694.53
1383.68
1468.77
971.23
1741.34
2151.36
1458.86
1194.81
1803.21
1180.11
1374.99
1510.34
1605.19
954.28
1192.79
1900.69
1758.43
1980.89
1383.17
1629.13
1788.37
1594.21
1977.07
1767.79
1560.72
1698.99
1429.19
1845.03
1352.88
1640.29
1304.6
1541.23
1552.32
1471.31
896.37
622.77
1765.46
1581.48
1159.5
1130.22
1148.21
1361.45
1257.89
595.61
724.31
1554.45
1718.88
1623.04
1504.72
1983.87
1938.84
1978.59
1240.44
1576.69
1035.66
1190.41
929.41
1806.22
654.54
1697.77
1141.06
1713.05
1880.71
1280.74
1636.32
917.26
1547.57
1755.74
512.15
1426.26
1161.43
1483.61
1410.82
1519.97
693.32
1427.73
1553.05
172.95
763.83
1885.8
1552.36
847.95
1169.5
1828.28
648.44
748.16
1879.27
1731.8
1555.72
1846.24
1945.96
1329.02
1553.6
1214.2
1807.19
1585.25
1643.76
1637.19
1906.87
610.39
1757.88
1051.18
1559.0
1548.02
748.66
1249.52
1453.31
1499.28
798.43
1480.09
1857.77
1451.69
897.71
1506.95
1393.53
1598.41
1906.03
1799.0
653.5
190.63
824.24
1634.2
1822.56
1859.88
1575.38
1596.59
1795.92
1694.55
1692.51
638.37
1643.41
1964.18
1571.82
1700.63
1978.79
1466.69
1914.53
1414.56
1253.83
1481.82
961.53
1665.27
1549.59
1797.18
1232.68
1503.31
257.23
1938.38
1478.71
1399.23
553.05
838.4
1837.6
1559.95
1741.48
957.6
1828.22
1370.32
926.07
1577.1
1213.72
929.9
677.44
1213.93
1917.5
1820.43
1472.46
643.59
1296.95
1108.83
917.75
1713.11
1306.71
1324.55
1310.46
1530.3
1546.95
1764.22
790.35
1163.42
1838.0
1690.58
418.85
1964.07
1455.5
2147.18
1810.11
838.8
1145.1
484.56
1704.05
1634.34
787.04
1158.39
1715.2
650.81
1069.18
810.21
1587.08
1526.08
2108.75
944.62
1152.42
1232.37
1397.24
1942.25
676.52
1947.04
1353.43
1486.69
650.59
1720.27
1559.03
1924.74
1828.6
723.13
1613.68
1151.9
1874.61
1525.6
1657.96
1712.64
614.69
1136.38
1117.9
922.39
1511.27
1429.95
1615.23
1463.84
1405.53
1514.9
1266.58
1370.6
1369.35
1992.79
1050.71
1872.54
1586.46
1603.45
1511.5
1132.79
1457.92
1966.45
1584.24
799.53
1646.46
1540.46
2066.32
1652.87
1738.91
1782.62
1466.6
1514.89
1654.23
1822.41
1124.84
1554.4
795.26
1706.27
1820.45
452.63
1650.7
1901.39
1873.44
1490.49
1439.04
737.1
1107.86
1774.08
1122.12
1746.86
1236.35
775.88
1477.17
1557.44
1354.89
1798.43
1214.47
452.84
964.13
1767.5
2079.26
1782.51
1318.07
1954.83
1371.23
1507.84
1763.66
1614.25
1311.13
1490.22
1502.2
1651.19
1146.29
1628.59
1426.07
1048.09
982.53
663.56
1914.69
1313.21
1471.72
874.25
1157.45
1552.44
1624.98
1117.06
1308.73
1741.45
818.19
1895.98
997.69
777.36
1714.35
1073.12
1726.02
1896.4
1051.5
1744.2
1733.64
1896.87
769.11
323.69
843.97
1447.8
1780.97
617.58
1830.32
1829.94
1333.28
1622.86
993.4
685.93
1725.85
740.02
259.53
1243.59
1861.25
1737.5
1624.44
1969.14
1757.64
2140.22
1683.4
1449.04
1310.75
1695.57
821.66
1405.13
1463.0
1774.72
1243.85
1603.9
1173.36
1587.49
1485.73
1430.64
1440.86
1119.64
1839.69
1125.66
1760.79
2066.73
804.24
1874.43
272.91
2003.85
1402.22
1693.05
1767.07
1004.47
1811.0
1976.69
1646.03
1591.59
605.39
1543.11
1702.4
1541.92
1479.21
1770.0
835.51
1907.58
1571.2
1182.77
225.28
1890.68
385.08
265.97
1262.91
884.6
1751.86
1821.69
1462.81
1836.56
1579.37
1385.94
1536.78
1283.36
859.76
1719.23
1175.39
1528.9
1171.81
1405.48
1654.74
1657.41
1536.09
643.55
1521.64
1395.25
1796.9
893.18
617.44
1224.1
1297.3
1324.35
1002.21
1579.93
1407.63
1791.71
772.62
1836.6
859.41
1902.89
1917.88
1456.56
1203.33
1501.31
836.35
1882.59
1317.15
1020.72
1618.42
1097.85
776.89
586.13
825.37
506.34
1937.02
1873.26
1716.64
1321.56
1143.95
495.92
1475.98
1746.55
1049.22
372.34
1560.35
1632.73
525.32
1408.72
742.72
925.28
1270.41
2120.99
891.23
315.28
1215.99
1922.0
1452.15
1888.07
1921.63
1101.85
1668.95
1943.4
1284.34
935.65
1065.38
1665.34
1285.91
1563.05
977.92
1581.11
2114.29
1506.17
1118.84
1938.12
2004.93
1354.91
1589.45
1500.97
934.48
1856.57
1341.36
1246.01
1533.11
1732.75
1517.48
479.81
1648.89
798.62
1126.2
186.84
1660.85
1885.81
1701.17
1179.55
1354.22
1729.44
1980.43
1634.76
1272.32
1491.04
624.72
1828.18
1881.45
1100.8
1758.84
1211.71
1733.66
1898.29
1625.18
644.55
1030.7
1509.54
1849.48
1396.45
1266.83
1631.51
1332.5
1125.6
1774.44
1557.62
1851.28
1519.36
1004.99
1788.38
1492.79
1664.67
1016.88
1558.82
1198.83
934.81
1495.55
1655.11
1550.06
1366.36
1871.99
1207.35
764.75
962.75
1741.16
1587.7
1641.54
1354.62
1361.1
1340.37
697.44
2061.36
1149.21
1781.35
955.34
1680.76
610.92
1383.33
1187.21
1043.84
440.29
1650.11
1749.04
700.03
1163.42
2010.96
1827.17
1218.72
1884.84
1328.28
1574.9
1660.7
1552.57
2171.68
1074.08
685.36
1940.37
1686.23
1378.77
1782.19
2187.89
1515.95
1711.18
1602.75
1401.22
1194.22
1240.75
1321.64
1651.55
1502.78
2024.0
1519.73
1682.22
1571.68
1656.04
1318.53
1849.04
1018.94
1442.15
1427.31
1668.54
1963.45
610.19
1120.22
1347.63
1959.29
1779.21
1170.18
1949.21
1621.94
1610.82
1794.36
955.51
786.07
1810.75
362.03
1846.51
1969.05
1922.98
1744.98
1286.35
1541.18
1499.31
1841.09
318.62
1624.54
1191.24
1209.08
1950.73
1323.34
1250.86
1457.22
1660.01
1645.2
1579.0
1548.46
1447.18
1845.03
843.62
1384.94
1096.6
1161.69
701.6
752.42
879.51
1583.53
598.34
1388.6
920.43
1515.37
1791.82
1907.76
1504.46
1920.67
1515.8
1338.32
1527.41
1888.15
1129.02
542.2
1163.24
1759.68
1619.86
1906.97
1983.01
675.33
373.87
1788.51
1153.35
1805.41
947.58
1845.72
1114.91
1606.47
1218.76
1176.84
1403.77
1312.74
1963.75
1186.07
1872.41
1509.65
1404.68
1717.38
1707.58
1896.11
1828.34
1566.79
1105.45
2113.89
1169.64
804.1
1563.89
1276.13
1569.79
839.29
1317.24
1193.25
1646.65
1571.96
1990.24
1277.07
1451.49
1666.6
530.57
1697.32
1389.05
1891.36
1832.84
509.55
582.86
1659.2
1832.54
1147.59
1863.96
859.57
1127.98
1408.22
767.41
2194.19
1242.7
1130.09
1864.05
1866.81
1482.08
1067.41
753.04
1465.27
1569.56
1776.26
1508.17
1685.92
1611.32
1276.56
1874.77
1637.42
1332.9
1921.54
304.75
1709.61
1345.56
1664.35
630.83
669.05
1912.45
1821.47
1186.53
1081.36
1561.56
1933.48
1670.7
1272.82
1608.4
1690.16
1254.84
1765.2
1639.37
1477.81
1213.22
1301.48
966.42
1779.43
1870.28
1553.14
1906.5
2176.55
1832.22
1490.22
1578.84
730.31
903.62
1537.61
834.11
1543.85
1449.65
1862.3
939.43
1616.48
1695.89
1563.86
1650.19
1560.58
1826.28
559.38
938.02
686.56
1449.01
760.06
1892.78
1627.71
2135.89
1633.64
1374.68
1089.35
482.35
935.02
1625.67
1445.38
1654.14
1021.53
917.87
1317.01
1293.04
1544.54
853.81
946.33
1525.29
1527.24
1879.44
855.42
1186.57
523.4
762.19
1578.41
1437.72
1780.39
1588.69
1532.18
1411.62
1834.66
1845.39
1107.02
1852.9
1538.26
1573.73
985.4
1427.11
1734.73
306.33
1843.62
1874.84
1141.66
1564.91
1039.75
1736.57
1197.04
1489.5
1462.36
1361.22
627.95
1496.38
1571.41
1626.63
902.12
1020.52
1865.63
711.27
1771.82
1947.44
873.84
1496.91
1883.77
1505.91
830.63
1804.93
1217.56
1186.72
1196.38
1772.58
1020.64
1330.01
1987.5
1534.36
1155.53
1671.73
1566.5
1327.09
735.72
1497.27
1143.27
690.99
1259.08
1495.74
391.73
1634.47
517.36
1561.83
1250.69
1743.18
1662.65
1688.3
1385.72
1512.49
364.79
1000.51
1583.48
1876.21
1216.72
1657.01
1882.09
1607.7
1479.35
1503.61
1065.72
1569.87
519.12
2163.74
1423.13
966.56
746.45
589.82
1856.77
1400.46
1475.64
1889.66
1751.57
1341.97
1630.44
1523.0
1065.67
1918.73
1649.17
1615.34
1573.56
1503.09
1999.93
1564.48
1700.12
1054.69
922.46
1688.4
1797.22
1356.12
995.55
1981.31
1372.56
1739.3
1601.96
1627.6
1441.41
1126.46
1537.78
1343.45
1912.78
1204.35
1753.54
1648.46
1573.28
2226.13
1191.25
1363.98
1631.12
1527.04
1377.03
875.02
1031.11
1658.78
1497.3
1842.71
1645.4
1243.12
899.33
1177.55
1095.64
1860.24
1541.3
1186.32
1843.97
1297.07
1736.31
2034.57
1950.93
1565.67
1667.95
1683.91
1207.69
514.63
1615.07
1961.68
1791.16
1862.42
2182.2
1823.02
1844.78
1214.82
1089.9
1288.69
1733.46
1630.01
1622.63
1217.45
1668.52
1706.18
982.49
1838.43
1482.09
1978.11
2145.47
1245.23
830.73
1665.03
1808.1
1635.41
1703.0
1070.09
1926.35
1875.27
1896.44
1179.88
1609.67
1971.96
445.51
666.45
1349.18
873.05
1313.7
1210.15
1819.76
1031.41
1162.13
1197.91
1206.19
1733.69
1664.84
1342.78
1139.12
1685.84
1603.42
1539.9
921.8
1990.46
1389.33
1544.4
1315.89
1497.34
1746.62
1350.35
1166.47
388.14
1071.27
1531.68
900.21
1474.76
1563.28
1608.63
2121.71
1880.4
1761.25
1662.74
1705.71
1457.68
1829.8
1492.76
1611.52
1868.03
1967.81
1516.63
1728.37
1570.79
1539.18
1808.8
1118.94
929.49
2073.46
2066.67
1538.28
914.62
1708.59
2007.51
1533.32
1636.25
1394.73
2016.08
943.12
1697.94
717.88
1261.97
1545.84
683.46
1561.9
1616.54
1867.46
1752.8
1711.28
1227.28
1155.42
1369.69
1907.35
1872.68
1544.48
1723.03
1419.58
964.39
1619.63
1218.62
1526.94
1312.95
1521.06
1853.62
1978.46
1949.52
1548.3
850.62
1844.45
1239.21
1666.78
1431.95
1682.18
1264.14
1016.48
1187.65
1678.5
1464.3
1563.84
993.1
1670.48
1590.75
1874.35
2012.91
1615.63
364.71
1357.27
1143.3
1401.44
2179.75
799.44
1626.03
1815.53
1128.36
1291.51
1818.84
1775.29
1621.68
1598.83
585.84
839.82
1263.61
1627.56
1507.13
1664.73
1622.57
1621.86
1452.75
1569.67
831.19
1630.72
1840.36
1927.02
1852.4
1826.13
1550.6
852.48
1003.76
1712.53
858.26
1546.75
1516.06
1583.4
895.88
1636.65
1992.61
865.79
1741.26
982.53
915.79
1742.8
1327.89
1772.99
1877.67
1480.83
929.58
1433.58
991.99
1465.82
1507.39
1147.92
1638.31
1526.96
901.26
836.18
1496.43
1025.85
1687.66
1289.09
1218.85
1710.78
1517.28
830.58
1212.82
1560.09
885.4
622.63
677.48
416.45
1351.83
1789.07
686.11
1593.84
1551.88
1701.99
1556.57
1652.75
1919.78
847.44
1464.37
2196.21
1592.11
1803.44
1338.96
1278.1
1728.29
1174.01
1315.85
1054.67
1612.46
1717.45
1465.46
1158.97
1632.41
625.52
993.35
946.3
1689.9
1093.52
1391.47
816.16
881.32
1442.18
975.38
864.93
359.92
1837.77
1028.61
810.72
1845.63
744.87
1893.93
1372.1
1623.89
1850.32
1366.08
875.78
1777.04
1887.05
1802.44
679.76
915.32
1076.53
1552.17
523.78
1479.4
1638.02
1500.83
1925.63
1106.32
1078.18
1677.8
1549.33
1911.88
1960.49
1537.2
1664.01
1666.53
690.39
1589.17
1017.26
1790.15
935.42
293.87
999.12
1271.2
1783.72
1878.6
928.36
1513.47
1310.72
814.49
1329.07
1750.99
1552.05
1565.12
1899.67
995.23
1570.26
848.86
1802.78
1138.53
1213.26
1060.95
1884.37
1370.25
1248.42
1962.09
1594.22
1199.97
1917.83
1485.66
1503.96
2012.6
1725.11
1147.06
1537.15
1402.72
1654.18
1291.58
1778.28
1166.09
1610.43
1612.31
1758.25
1790.06
2234.84
2142.42
687.9
1491.88
1909.8
1534.17
645.42
763.26
1133.52
1968.76
1340.58
1457.72
1771.06
914.88
1633.77
1557.79
1764.67
514.56
1056.33
1681.95
1739.05
866.32
1141.11
1974.16
1739.03
1565.69
1677.76
1275.57
576.17
1918.16
1414.11
1235.95
2218.75
1468.91
1762.02
1263.89
1613.82
1762.07
1860.65
1785.93
922.53
1621.43
1266.05
1577.1
1925.04
1435.14
1772.99
1380.49
1750.14
848.89
804.91
1082.25
1297.07
1830.22
1137.82
1887.51
1301.61
1491.74
1464.93
1326.95
1505.12
1203.59
2005.03
1902.69
1282.23
855.18
1115.27
1487.9
2090.48
886.28
1778.92
1434.95
2158.23
1514.43
1907.95
668.39
1616.04
1374.24
1072.39
1458.24
1150.53
1106.05
1572.49
1238.08
1723.04
1520.16
1228.47
1696.96
1512.04
1535.14
1343.08
2263.34
1575.23
1474.72
1094.01
1201.84
1866.99
1606.96
1524.39
782.76
1466.72
1796.1
1665.31
1811.94
2001.47
847.43
1500.33
1744.53
1646.99
847.58
1722.9
651.69
1522.86
1639.21
1367.17
1266.26
814.03
1158.63
1747.4
1041.23
1561.58
1775.41
1558.16
1714.65
1276.43
1915.36
1608.83
1655.73
1744.17
350.66
1240.99
1040.75
1838.26
1686.58
378.21
1079.46
1342.44
1728.2
1945.05
1395.54
1875.94
1849.13
1091.07
1554.01
1958.69
1550.44
1600.1
1497.12
1177.27
1886.33
1426.55
1276.15
1462.1
1785.97
1315.86
719.21
1418.25
1871.15
852.59
1441.49
1628.1
1323.41
1513.35
877.25
763.69
1743.53
1645.36
1254.83
1184.83
1891.47
1545.9
1888.44
638.03
1624.46
852.6
1268.86
1402.34
881.62
1019.77
1447.56
840.8
1862.3
1437.01
1275.24
1822.2
1338.09
1472.88
1486.82
1325.32
1244.96
1309.2
1229.19
1695.15
851.51
750.76
907.59
521.96
2062.53
1745.4
1260.07
1252.17
509.52
1160.17
1410.54
1391.69
1377.1
2235.79
1298.31
1348.96
1508.59
1700.02
1703.02
1584.73
1706.68
1444.5
1745.72
1961.65
1486.4
1550.63
1513.05
733.4
1683.84
1223.73
1122.73
1849.66
1997.4
1876.02
1233.42
1700.64
875.1
848.99
1904.96
1255.04
1651.59
397.62
1378.33
1730.6
961.43
1526.79
1714.24
1938.96
274.66
1314.92
2019.83
1950.85
772.37
1353.58
1587.04
1888.72
1661.99
1879.22
1431.41
1457.1
772.67
1440.29
1001.93
815.96
1433.41
220.81
1785.8
660.53
714.46
1564.15
1293.71
2207.7
1310.59
1908.1
1998.86
870.46
1885.55
1577.43
2129.68
717.95
703.45
1653.19
1629.92
1543.95
602.83
1696.1
2160.96
1128.76
1140.39
742.95
1793.31
1791.51
1510.54
2026.28
1642.76
1532.35
560.93
1091.91
1764.38
2021.63
1545.51
1822.28
842.34
1612.64
1232.52
1991.4
1334.55
1372.52
1622.04
1588.85
760.95
1858.8
1347.08
1413.38
1898.81
1379.05
1227.11
1485.77
1994.4
819.56
815.69
2008.59
1725.69
630.22
1579.41
1554.46
1571.2
1918.62
1804.83
1166.03
877.4
1732.54
1506.62
1617.31
774.5
1500.55
857.35
1490.44
1337.21
1534.99
1957.48
1701.59
1004.82
1633.02
1555.39
1176.01
1367.07
1832.32
1799.29
1644.87
1754.15
1303.15
1964.61
1504.11
1849.62
1834.0
1284.86
1369.08
1567.81
1255.01
1649.23
1665.9
1851.5
1509.76
1761.68
1988.2
588.18
1271.52
692.26
1727.53
1578.42
1644.45
1418.4
703.39
1333.56
1241.14
1480.0
1218.05
1802.15
1900.7
1288.3
2053.07
733.67
1660.59
940.94
1572.22
1191.95
1099.88
1675.37
1363.59
1236.85
669.56
1389.23
1494.77
1493.47
1799.42
1731.38
1433.69
1731.67
1683.79
1501.31
1571.69
1351.9
1261.47
1454.74
1947.89
854.92
977.49
1861.53
757.93
1805.73
1492.31
1540.49
1408.4
1760.54
1303.33
1880.01
1816.91
1128.38
1788.05
1147.59
722.39
1420.04
966.38
1758.53
1901.99
1549.59
1460.59
1659.91
277.56
1640.36
1128.45
1245.86
1738.68
1088.37
856.31
1721.32
908.98
1399.53
1702.77
762.47
1404.03
635.46
647.82
1383.23
1805.91
1178.91
1620.35
1536.6
1140.98
1944.91
1670.91
1630.86
1426.67
1492.85
1419.39
644.62
1737.23
1867.09
780.97
758.63
886.28
1709.74
1822.73
1129.36
1944.6
1266.78
1218.76
1900.81
1180.71
1967.27
830.32
1452.13
1580.3
1021.24
1820.17
1302.36
1162.43
1742.71
1349.73
889.2
1823.23
1985.81
1538.41
1596.31
1112.6
1103.99
1377.7
1601.9
1286.31
1946.14
1593.58
1441.32
1234.7
875.59
1826.43
1556.91
1175.6
1475.88
1897.48
2148.82
746.44
1742.54
1701.18
802.46
265.24
1541.64
1401.63
1385.97
1068.2
989.07
1552.68
1751.5
1275.9
1736.99
1553.88
1402.79
968.77
1599.64
1042.33
1134.94
1386.74
1177.85
1065.24
719.73
936.12
1814.71
2046.5
1756.25
1905.83
1224.76
1629.45
1701.88
1210.18
1256.53
1949.52
1241.77
1578.53
1679.54
1973.5
1555.28
1416.83
1511.89
1942.99
971.9
822.82
1452.11
1575.59
1030.92
947.37
1129.22
1257.19
1817.25
1465.56
1373.84
1825.47
1546.89
1617.01
283.03
329.76
1997.39
1654.51
1060.7
1808.91
736.7
1047.26
743.61
1662.99
1232.66
2033.13
874.2
1507.51
1451.1
615.38
1920.85
1158.65
666.74
1299.69
1715.14
1677.64
1247.22
1909.46
1473.92
683.52
1846.11
2046.55
1356.36
2087.63
1227.39
2190.27
1215.68
1792.12
951.97
1421.76
888.0
1195.26
1522.17
1445.21
1383.25
1541.07
812.95
682.65
1590.76
1254.46
1927.4
1888.48
1568.58
784.21
1300.93
1162.42
913.02
1670.44
862.49
1464.76
1258.27
1451.23
1390.92
1606.65
908.6
1116.02
1790.12
1339.61
1951.17
924.86
849.96
1807.62
960.7
1301.21
1553.59
1593.68
1232.34
171.58
1809.41
1299.57
1953.84
1338.5
1526.21
1324.21
1923.05
1744.59
1668.53
1604.93
1702.32
758.51
1875.74
1505.69
1498.53
1772.93
1802.96
1470.72
1364.79
1868.14
1751.02
1066.7
1733.02
1246.23
876.11
871.72
1333.75
1933.25
1116.86
751.15
1667.55
826.34
1559.95
1301.65
1154.74
1553.76
1518.3
1510.45
891.34
1752.11
1136.93
1060.05
1148.49
1496.16
1556.17
1522.5
1179.5
1365.96
855.41
1786.87
1172.53
1671.44
1127.91
2127.29
1843.73
1243.4
1938.27
1237.99
1756.64
1356.93
1238.53
1383.58
1484.0
1383.22
740.19
1553.35
1395.38
929.8
1976.37
1284.18
1863.54
1135.75
1463.05
1143.88
1900.22
1558.39
1870.06
1607.95
1701.72
1716.87
945.27
1665.69
821.64
1421.04
1044.05
1226.09
1151.89
2050.93
1718.82
1536.68
1131.15
1057.04
1322.74
2126.2
1791.18
577.32
1217.21
1039.01
1584.36
1504.55
1548.23
1598.85
1494.19
273.56
1517.07
1790.71
1451.23
1704.61
1121.9
1593.5
1870.01
1088.33
557.11
2172.51
1284.63
1691.4
1758.35
1373.48
1953.05
1226.68
1741.9
1783.74
521.01
1296.54
295.1
1752.34
999.12
878.19
1832.64
1962.84
779.74
1494.78
1583.03
2008.25
1830.88
328.59
1610.64
1119.76
1889.55
1239.68
1917.53
1910.11
2004.21
1441.55
1722.95
1217.09
1479.36
693.68
1597.71
1510.35
924.01
1184.27
1677.05
1232.05
1773.8
277.63
1725.38
1694.63
925.9
1091.65
736.32
1592.06
1241.13
1183.63
1262.34
1112.44
1557.84
1558.27
1081.21
1349.69
1591.93
1356.18
1554.03
1357.81
1807.58
1710.53
1179.37
1270.96
1058.28
1614.57
803.16
656.05
1288.98
808.63
1817.13
1283.02
916.83
1751.43
1217.84
1954.57
1351.77
1307.73
1417.44
762.74
1375.24
1287.31
1390.53
1840.46
853.86
1292.48
1383.87
1758.21
486.58
1380.27
1375.42
889.94
1939.29
1833.66
1110.3
1336.78
1234.45
1690.02
1523.8
1386.78
1077.28
851.11
2104.71
1189.96
2102.34
1069.12
779.17
1996.96
1416.35
1547.92
1219.76
1479.32
1556.99
1254.87
1236.39
788.63
1353.05
1344.96
1351.45
1469.14
863.21
1401.25
1029.21
1354.53
1455.05
1670.46
1974.13
1623.48
1202.25
1941.11
1020.32
1520.34
1141.81
1578.12
1259.67
1187.78
1569.56
1635.47
1700.66
876.09
1181.05
2060.68
1772.14
1517.09
1237.96
1945.11
1791.18
2065.51
1560.67
1508.31
1670.42
1726.41
1456.72
1141.97
1412.29
1474.0
1359.21
586.21
1078.17
1866.11
1240.62
1554.36
1926.8
1797.23
1496.04
850.41
1570.02
1839.15
404.98
1353.36
1373.45
1580.23
1670.86
1178.91
1375.46
745.05
521.59
1294.41
1571.21
2024.03
1913.4
1777.02
1465.57
1786.66
1726.85
1969.55
867.44
1801.7
627.44
889.65
1149.34
1503.86
1000.91
1619.25
1202.64
1511.92
1633.58
1781.12
1445.7
1383.79
1770.81
1256.37
1616.53
1929.74
1526.05
989.7
1279.57
1705.25
1103.11
1393.12
818.54
916.91
1532.11
1792.48
948.89
802.59
1168.54
1772.73
1452.45
1426.81
994.03
1820.74
1580.97
1595.04
1622.02
1405.4
1289.02
734.28
1396.44
1017.61
917.86
1828.4
1987.07
1274.7
2008.57
904.61
1291.57
1057.07
892.77
1127.49
1182.17
1547.89
1504.25
878.23
1522.21
1764.35
1490.61
1316.61
1711.61
1510.68
2008.01
1291.52
1091.7
1360.96
1714.0
1285.75
1229.78
1502.04
1129.12
521.53
1668.99
1548.75
808.37
1156.03
1242.4
883.32
1670.22
1535.56
999.98
1202.12
1634.18
1663.96
1728.34
1858.77
1464.94
1299.33
1754.28
1834.97
1657.08
1966.42
1867.44
1641.1
1653.65
1221.48
1545.65
1291.43
1084.64
1731.44
1385.5
1271.42
1717.2
695.84
1832.67
1112.67
1067.8
1007.87
1968.8
1543.78
1570.76
1638.14
1423.67
1599.08
872.07
1266.8
926.46
1515.72
1671.54
997.95
1461.89
1524.4
981.57
1278.87
893.04
1550.35
1820.46
905.16
1257.47
771.79
1615.88
540.81
1102.1
928.71
1402.13
1570.04
2124.79
2159.13
1338.03
1753.16
792.58
982.46
1917.23
1567.9
1350.02
1427.02
1541.14
1251.32
1943.26
1585.49
1037.15
2144.76
2121.5
2049.5
1685.83
1540.82
829.67
1536.45
1201.48
1504.68
1507.39
986.36
542.6
1968.99
1250.25
804.3
1341.15
1653.78
1223.98
1633.46
1943.96
965.65
916.57
1340.16
1727.97
713.65
687.22
612.16
1846.96
1658.58
1513.49
1810.78
1289.09
1926.98
1576.35
1376.88
1536.26
1978.14
1450.49
1320.66
1560.24
1048.22
693.66
1531.74
1551.75
1601.67
1579.76
958.31
1798.96
1772.74
1810.73
2013.96
1523.39
1698.53
1465.98
2191.94
1758.79
1169.14
812.93
843.26
1770.03
1114.26
1572.4
1711.06
1499.52
1259.1
1426.96
1313.6
1496.47
816.1
1224.85
1849.41
780.99
1588.11
1042.43
1657.76
1500.75
1187.67
775.93
1497.12
1493.74
1326.8
1508.93
1287.2
1625.3
1247.86
1554.84
1446.08
1865.96
990.97
1800.71
1595.9
1577.52
432.16
585.64
1840.69
1181.39
819.71
1555.38
935.92
1669.36
1771.47
1604.8
1790.85
1799.37
1551.7
1891.3
1882.58
1313.65
1454.64
1545.84
1540.13
1104.24
1119.85
1522.82
1372.32
1268.58
1581.91
1640.33
1306.55
1564.2
1688.7
644.08
612.89
1581.26
1524.47
1454.05
1745.22
1613.25
1198.45
1123.69
1601.45
1380.0
999.02
1845.98
1514.27
1866.54
1577.02
1711.63
1192.44
1472.7
1684.64
1739.97
2136.47
1027.67
621.75
1232.81
1415.0
854.53
697.17
1644.72
1179.96
1764.61
1338.04
1746.32
1808.65
1623.25
898.71
1480.55
1501.69
1113.15
701.29
621.57
1200.6
1778.81
1556.91
675.76
1377.93
1535.15
1763.83
1558.66
1986.66
2029.4
1883.02
1550.23
1998.69
970.97
1082.16
374.3
1736.42
1523.78
1304.78
1515.57
1608.35
2175.7
1841.27
1698.41
1482.95
1453.45
1387.08
1598.81
2080.69
1960.82
1297.97
825.56
1667.54
1172.47
1354.05
1378.92
1362.55
1848.68
1194.06
1054.01
1314.19
387.53
1566.91
1571.05
1533.18
1500.77
1206.34
1100.67
1315.28
1151.12
499.86
1572.34
941.66
1610.06
998.17
1801.31
903.38
1939.55
1828.84
1716.03
1638.76
1901.83
1323.83
1890.97
460.78
1099.35
2144.67
1080.33
1348.37
1503.12
1508.44
366.49
1443.87
1312.07
1333.2
1889.02
1872.26
350.21
1523.03
524.35
1600.99
1434.27
1608.21
1453.38
1749.49
1884.34
480.46
268.98
1280.13
1167.26
1206.12
1309.85
925.17
1805.23
826.3
1808.95
1543.18
849.52
828.43
1225.78
1707.48
1775.55
838.32
1608.05
1649.6
1220.09
623.64
736.86
1515.69
1281.71
1033.56
1472.24
821.72
1668.17
651.83
1236.25
1784.73
1541.12
2060.54
1659.25
1495.56
868.04
1762.62
782.77
1636.74
1163.95
1642.48
1283.26
1280.5
1501.36
1616.76
1532.79
1464.86
1912.35
1778.95
1834.35
846.68
1775.18
1330.96
1487.32
1948.95
1647.78
1722.31
804.68
1277.93
1278.72
1999.5
1454.67
1601.6
1668.52
776.32
1374.41
1670.4
1830.81
1049.32
1059.05
784.25
1539.63
2155.12
1150.31
1794.3
1594.89
1208.6
646.05
1712.2
847.5
1485.68
553.81
1131.99
1187.3
1299.1
1828.01
2043.22
963.14
1690.23
870.13
657.06
1350.62
1150.06
693.83
1606.49
1756.4
1236.73
1516.0
1192.77
1240.35
1632.58
1499.14
1207.97
1229.47
1401.81
410.48
596.76
1586.46
1241.44
1131.02
1028.7
1403.71
795.71
920.52
1831.66
779.59
828.55
1445.61
1624.85
1598.09
1291.31
1592.14
1495.01
1667.83
1433.44
1913.2
1426.06
1596.63
1765.47
1082.83
1723.69
1510.93
1924.44
1422.98
1260.0
1746.06
1332.71
1838.03
1955.99
1936.72
1918.18
1633.47
1266.28
1560.41
1745.79
1278.94
1327.38
1139.62
1643.64
1982.72
1778.15
1885.57
1388.8
890.31
1470.09
1770.5
1534.74
1780.76
615.15
1410.16
431.02
1392.55
2089.4
1558.98
1593.94
1033.54
1008.46
1695.21
1343.92
1306.18
1487.47
1320.7
1941.08
1654.96
723.83
1238.08
1738.45
1220.83
1321.61
1531.99
1403.62
1172.74
739.55
513.12
1769.2
867.0
1701.71
1869.47
1598.36
1521.06
1957.85
809.31
1379.31
1501.64
1346.97
1303.66
747.15
1820.96
1615.31
1456.77
456.14
1135.96
1543.73
1526.05
1024.6
1949.8
897.39
853.9
1387.17
1212.24
1799.2
962.87
1149.56
1885.23
2100.04
1767.42
1282.87
1088.21
610.61
1742.75
1348.2
1677.37
379.27
1750.08
1289.95
1580.92
1646.12
1802.1
942.14
720.2
1778.24
1704.89
1633.53
1362.22
1179.82
1475.33
1082.75
867.75
1936.54
1016.53
1346.19
1231.02
1056.37
1160.81
1669.74
1927.81
1345.32
639.76
1493.41
1115.91
1665.35
1545.0
1244.3
1731.71
1462.74
1593.76
1988.34
1653.03
981.98
1459.1
2219.52
1197.0
1471.45
1517.63
1068.9
1247.2
1436.84
1024.2
1680.9
781.2
1467.67
1071.04
1312.79
1543.23
722.29
1382.23
1966.15
794.05
2204.23
937.66
1293.2
974.05
1643.09
1839.69
1342.84
1518.32
1304.13
1020.8
775.77
1803.43
1202.37
1884.86
1743.69
1719.33
981.54
1521.18
1516.28
1731.05
1155.04
1400.76
1674.55
684.37
1777.99
1952.38
1851.43
1792.08
1711.48
1145.1
1665.05
265.2
1359.1
1170.36
1364.9
829.92
2125.16
1350.99
1423.28
914.49
2017.1
922.2
159.96
869.99
939.5
1907.88
1990.28
1768.44
1654.9
1938.25
1190.71
1571.95
1075.94
1275.33
1496.25
943.28
937.41
1745.59
1186.04
734.42
1406.19
1725.31
1449.95
1699.7
1929.45
1247.97
1939.25
1633.24
1504.44
1649.72
1302.51
1190.73
715.49
1122.17
575.94
1631.64
1634.97
1607.03
1546.34
1197.86
1343.32
1254.37
601.25
1779.42
1663.46
1513.86
1825.05
1532.24
1387.43
2088.42
823.48
1341.5
787.55
1461.96
1392.32
1069.66
1201.47
1804.56
1819.53
1607.57
1389.76
964.31
2092.11
930.51
1395.38
1515.52
1225.29
1516.07
1373.05
1400.31
1110.4
964.43
1993.81
1579.59
770.75
1763.58
1318.86
1750.98
601.63
1497.18
1382.9
527.09
1183.96
1388.98
286.0
1408.35
1266.8
1254.63
1664.2
1450.38
1170.09
1755.52
2141.53
594.58
1577.46
619.35
1611.05
1433.39
1226.87
1929.97
1619.27
1891.51
1549.09
1286.26
1894.43
1139.94
1783.09
1426.18
1412.65
1240.3
1733.88
469.77
1001.9
956.99
895.81
1775.33
733.87
961.3
1880.04
1509.37
1251.64
367.19
1227.77
1109.31
939.92
1166.5
833.94
1645.73
1685.1
1882.42
1373.06
1737.79
875.2
1604.63
1218.16
1556.04
1542.94
2191.82
1231.5
1551.56
1432.34
1193.82
2000.03
1814.32
1506.11
972.32
1721.97
874.61
1431.95
835.98
1783.57
1489.29
1206.95
1555.49
1677.85
2079.01
1643.79
270.4
1497.37
1736.74
1353.26
1108.07
1377.19
1575.89
1071.02
910.53
1912.27
1656.11
1536.1
2039.09
1979.41
1570.7
1317.42
1574.58
1638.04
1361.34
382.6
1643.78
1784.26
1218.18
1245.26
1743.29
648.09
516.5
524.6
1848.69
1239.16
